%YAML:1.0
---
image_width: 1920
image_height: 1080
camera_matrix: !!opencv-matrix
   rows: 3
   cols: 3
   dt: d
   data: [ 1.4432416437888860e+03, 0., 1.0139422734886804e+03, 0.,
       1.4433085193868833e+03, 7.5701371369826290e+02, 0., 0., 1. ]
distortion_coefficients: !!opencv-matrix
   rows: 1
   cols: 5
   dt: d
   data: [ -3.4451442768938589e-01, 1.6008118174367000e-01,
       7.9720254410156491e-04, 1.0437504771004019e-03,
       -4.2876882534890581e-02 ]
