%YAML:1.0
---
image_width: 1920
image_height: 1080
camera_matrix: !!opencv-matrix
   rows: 3
   cols: 3
   dt: d
   data: [ 1054.55729195, 0., 973.47901018, 0.,
       1055.34207696, 548.62468836, 0., 0., 1. ]
distortion_coefficients: !!opencv-matrix
   rows: 1
   cols: 5
   dt: d
   data: [ -0.04972027, 0.06453135,
       -0.00078533, 0.00064265,
       0 ]
